0
1.554 3
0.825 3
0.72 2
1.414 10
1.147 10
0.727 10
0.608 12
2.024 9
0.941 10
2.05 10
0.713 14
0.901 11
0.868 10
0.687 14
0.319 14
1
1.092 4
1.207 3
1.417 2
1.209 4
1.539 8
1.522 11
1.365 11
1.191 12
1.095 14
1.647 12
0.6791.048  1414

1.408 12
1.731 12
1.429 12
2
2.112 4
1.39 4
1.385 14
2.654 4
1.097 14
1.032 14
1.539 14
1.165 14
3.128 3
1.241 14
2.403 14
1.143 14
0.519 14
0.464 14
0.422 14
3
2.709 4
2.733 3
2.926 2
2.382 8
1.734 14
0.875 14
1.151 14
2.46 10
2.868 8
1.438 14
2.103 141.123
 14
1.856 14
2.09 14
2.564 14
4
2.684 3
2.2 9
1.84 13
0.672 14
2.883 3
0.25 14
1.613 14
0.84 14
2.552 9
0.999 14
0.666 14
0.941 14
2.306 13
1.983 14
1.499 14
5
1.541 1
0.902 12
1.323 3
1.342 4
1.3131.143  128

1.173 13
1.288 12
1.082 13
0.98 13
1.431 13
1.564 13
1.293 14
1.509 13
1.324 14
6
2.03 4
1.709 10
1.016 14
1.61 14
2.886 2
1.999 14
1.692 14
1.656 14
1.918 14
2.098 11
2.124 14
2.1513.43  1410

2.29 14
2.411 14
7
1.596 1
1.271 9
1.912 4
1.388 11
1.044 14
1.945 8
2.407 2
1.444 14
1.468 14
2.534 8
2.066 13
1.863 14
1.524 14
1.574 14
2.131 14
8
1.011 4
1.178 4
0.8730.86 11
 11
1.065 4
0.784 14
1.174 11
1.1110.931 14
0.905 14
0.726 14
 14
0.934 14
1.225 14
1.441 14
1.42 14
9
0.852 10
1.25 3
1.06 10
0.903 14
1.456 4
0.974 141.004
0.777 14
1.308 11
1.123 11
1.553 4
1.468 10
 11
2.26 11
1.906 14
2.395 11
