0
1.493 3
1.707 3
1.838 3
1.802 4
1.515 7
1.25 7
0.697 8
0.473 9
0.773 8
1.047 9
1
1.785 5
1.109 3
2.257 2
0.788 9
0.414 9
1.13 9
2.6961.351 9
0.901 9
 2
0.741 9
2
0.748 9
1.183 3
1.076 9
1.275 5
1.042 9
0.966 9
2.027 2
0.757 9
1.284 9
0.822 9
3
1.04 5
1.112 4
0.993 9
0.851 9
1.125 9
0.82 9
1.916 1
1.337 9
1.137 9
1.445 9
4
0.682 9
1.164 4
0.805 9
0.9 9
0.862 9
1.681 9
1.074 9
1.544 9
2.428 3
2.175 9
5
0.972 7
1.52 1
1.39 2
1.014 9
0.868 9
1.406 9
1.628 9
1.297 9
1.076 9
1.37 9
6
2.152 1
1.098 9
1.501 9
2.179 5
1.462 9
1.326 9
1.008 9
2.679 4
1.351 9
0.795 9
7
1.358 1
1.365 3
1.124 5
1.318 8
1.222 9
0.821 9
0.964 9
1.481 9
1.437 9
1.339 9
8
0.794 2
0.944 2
0.454 9
0.453 9
1.046 9
0.796 9
1.191 9
0.932 9
1.415 9
1.457 9
9
1.89 1
1.584 8
1.08 9
0.903 9
2.629 2
0.998 9
1.916 9
2.468 9
1.941 9
1.82 9
