0
1.6321.617  22

0.5 7
0.764 5
1.276 3
0.983 6
0.323 14
1.093 6
1.011 10
0.827 15
1.061 15
1.111 15
1.009 16
0.564 15
0.726 15
0.758 20
1.651 17
1.093 20
1.36 18
0.835 24
0.78 24
0.786 24
0.32 24
0.448 24
2.01 15
1
3.376 2
3.108 5
2.389 10
3.44 4
4.783 3
3.537 17
3.039 17
3.55 17
6.63 2
3.9353.652 17
2.665 17
 17
1.663 24
2.028 24
3.697 17
3.995 17
3.234 16
1.562 24
1.498 24
1.453 24
1.274 24
1.166 24
3.953 17
2.07 24
1.237 24
2
6.859 2
7.191 2
6.479 6
5.818 10
7.323 3
5.135 16
1.359 24
6.712 9
5.698 14
4.126 24
6.187 12
1.789 24
4.008 24
3.208 24
3.429 24
4.434 24
3.154 24
2.803 24
5.024 23
2.5 24
4.362 24
5.963 18
3.278 24
5.814 20
4.468 24
3
5.97 4
7.405 1
6.099 6
5.78 6
4.727 6
3.073 12
5.062 9
2.49 11
2.848 16
4.036 11
5.296 9
3.488 13
4.465 9
3 20
4.896 12
2.86 22
2.785 22
2.147 24
2.098 22
2.372 24
3.282 22
3.038 22
2.262 22
3.028 22
2.261 24
4
3.689 7
4.816 4
2.32 20
3.362 14
3.394 14
4.116 10
3.566 17
3.167 20
3.388 17
2.814 24
4.795 10
5.466 7
3.305 24
7.455 1
2.895 24
3.234 24
3.911 23
3.044 3.851 2424

2.9 24
7.351 3
2.819 24
2.757 24
3.305 24
2.757 24
5
7.845 4
7.784 5
9.744 1
4.451 21
5.509 8
5.177 18
2.804 24
2.682 24
3.085 24
1.449 24
4.297 5
3.788 24
2.91 24
2.491 24
4.937 24
4.848 24
2.602 24
3.989 24
6.771 11
5.612 22
2.589 24
4.901 24
3.435 24
2.593 24
4.225 24
6
5.452 4
6.254 1
6.476 2
4.581 13
5.527 9
3.479 20
4.639 14
6.021 7
5.37 11
4.447 17
2.513 21
2.637 24
3.166 24
4.53 18
3.577 24
2.649 24
3.325 24
2.358 24
4.031 24
2.725 24
2.569 24
3.035 24
2.345 24
2.192 24
2.464 24
7
6.528 4
6.049 6
7.967 1
8.198 2
3.555 6
4.748 12
2.312 24
4.4 16
3.575 24
2.729 24
3.007 24
1.11 24
0.964 24
1.634 24
3.427 24
2.496 24
2.423 3.86824 
24
2.084 24
7.093 6
1.4662.483 24
 24
1.725 24
3.289 24
1.689 24
8
5.788 4
5.131 10
6.2316.339 5
 5
5.945 9
5.009 15
5.16 15
5.746 12
6.574 9
6.063 12
5.575 15
5.221 15
2.615 24
2.937 23
5.24 15
4.967 15
4.869 16
4.496 19
4.049 20
2.926 24
3.809 22
2.316 24
4.535 18
2.847 24
3.075 24
9
7.212 2
8.335 1
6.165 6
6.5146.241  67

5.869 9
5.156 13
3.413 23
2.033 24
2.94 24
3.479 23
2.505 24
6.16 10
5.454 13
3.502 17
4.378 20
4.893 18
5.195 17
6.086 13
3.516 24
2.357 24
2.676 24
2.238 24
3.641 24
3.203 24
