0
1.036 1
0.609 4
0.739 2
0.829 3
0.587 7
0.722 8
0.688 8
1.177 8
1.087 10
1.012 15
0.662 11
1.477 9
0.46 19
0.819 17
1.242 16
0.722 19
0.74 19
0.398 19
0.891 19
0.904 19
1
3.235 4
3.935 1
3.149 12
2.692 19
1.656 19
3.168 16
4.801 2
4.328 9
2.383 19
3.452 16
2.012 19
1.878 19
1.149 19
3.049 19
0.982 19
2.701 19
2.056 19
2.672 19
1.929 19
1.37 19
2
4.502 2
3.092 4
1.43 16
4.284 5
7.144 2
4.608 6
3.375 6
2.176 19
3.157 19
0.72 19
2.734 19
2.75 19
2.264 19
1.568 19
3.077 19
1.0332.057  1919

3.436 19
2.46 19
1.055 19
3
5.657 3
2.11 6
6.761 2
5.372 5
1.554 12
1.524 14
5.619 5
1.109 19
6.375 3
1.19 19
0.848 19
1.466 19
1.183 19
1.313 19
1.978 10
1.05 15
1.347 19
1.674 18
1.132 19
1.592 19
4
7.017 4
7.997 3
9.006 2
7.332 6
7.1 6
3.403 12
4.297 7
3.551 12
4.953 2.9286 16

2.583 19
1.712 19
2.251 19
2.593 18
1.683 19
2.193 19
3.681 16
2.878 19
2.546 19
1.813 19
5
5.8 5
8.086 2
7.951 3
5.454 12
5.405 3
5.87 12
4.713 13
7.178 9
3.173 12
4.321 13
5.043 13
2.389 13
3.009 19
3.279 19
2.943 19
1.741 19
1.698 19
2.355 19
1.95 19
1.603 19
6
5.408 4
4.607 5
2.877.469 1
1.555 19
 12
2.2161.694 1.72919 
19
1.328 19
7.040.929 19
1.302 19
1.178 19 
5.094 8
1.124 19
 18
4
2.367 6
1.0991.78 19 
19
1.176 19
2.278 4
7
7.824 1
1.495 17
4.106 11
4.446 11
2.741 17
6.448 7
3.632 14
2.587 17
3.964 14
7.956 2
3.081 17
2.223 17
2.689 17
2.607 17
2.361 17
2.075 19
1.48 19
2.305 11
2.677 17
1.533 19
8
7.061 1
6.839 3
2.375 19
3.82 13
2.946 19
5.596 9
6.296 7
5.122 11
3.536 19
1.99 19
3.038 19
2.975 19
2.795 19
1.483 19
3.717 19
2.784 19
2.328 19
1.639 19
3.3672.77  1919

9
6.713 4
8.646 2
8.414 4
6.568 6
5.178 9
3.797 19
3.664 19
4.677 6
4.724 19
4.514 19
4.168 19
4.156 18
2.313 19
4.141 19
4.261 19
3.772 19
4.518 19
5.058 19
3.959 19
4.67 19
