0
0.6380.516  12

0.482 3
0.203 6
0.6 5
0.766 6
0.803 8
1.122 7
1.1 9
0.915 12
0.994 29
0.893 27
1.027 29
0.889 29
0.6660.892  2929
1.341 29
1.814 29
1.052 29
1.37 29
1.0070.768 29
1.371 29

 29
0.7151.715 291.234
 29
 29
1.372 29
1.202 29
1.099 29
1.127 29
1
0.539 2
0.672 1
0.929 3
0.997 6
1.352 5
2.003 5
1.109 21
1.08 20
1.473 15
1.041 21
1.34 20
0.9 21
1.715 21
1.375 21
1.574 21
1.576 21
2.181 21
2.241 22
3.243 18
1.477 23
2.215 21
2.575 21
1.626 22
0.962 29
0.926 29
1.172 29
1.323 29
0.694 29
1.15 29
0.894 29
2
2.385 2
1.76 19
1.744 20
2.259 13
1.056 29
1.085 29
1.354 29
2.039 23
1.136 29
1.482 29
0.979 29
2.221 25
2.829 16
1.419 29
3.122 13
2.978 16
2.249 29
2.402 29
3.85 4
2.409 29
1.802 29
3.826 9
3.948 9
3.288 22
2.41 29
1.987 29
3.017 29
3.191 28
3.345 26
2.496 29
3
2.325 4
2.017 9
1.977 12
1.591 21
0.71 27
2.464 12
1.766 22
2.745 11
1.848 26
1.857 24
2.918 16
2.274 12
3.819 2
2.89 19
2.419 28
3.573 10
3.856 3
1.67 29
2.534 28
3.545 16
2.788 28
3.976 12
2.65 28
2.388 29
4.122 13
3.415 25
2.981 29
2.733 29
2.893 29
2.916 29
4
2.369 2
2.261 9
2.23 13
2.621 2
2.293 13
1.898 20
2.155 20
2.493 16
2.629 9
2.512 16
2.395 20
2.66 19
1.995 21
2.074 20
2.556 20
2.894 20
1.788 29
1.876 29
2.1652.828 20
2.134 20
 27
2.129 29
2.284 29
1.872 29
2.166 29
3.268 20
2.998 24
3.349 20
3.533 20
2.49 29
5
2.685 1
1.308 26
1.301 28
1.274 7
2.0661.291 29
 15
2.942 2
2.177 19
1.382 29
0.541 29
2.7 15
1.286 29
3.051 11
2.595 22
1.902 29
1.924 29
3.381 8
2.224 29
2.73 25
3.113 18
2.144 29
1.902 29
3.134 23
1.742 29
1.872 29
2.588 29
2.107 29
2.27 29
1.51 29
2.894 29
6
6.788 3
5.886 7
7.248 3
5.548 7
4.934 9
3.809 23
4.129 21
6.194 3
2.275 29
2.528 29
4.6 20
4.879 18
2.846 29
3.672 7
4.221 25
4.12 27
3.309 29
7.565 5
3.751 29
3.619 29
3.842 29
4.059 29
2.623 29
3.19 29
3.109 29
3.019 29
2.606 29
2.6912.504  2929

3.122 29
7
3.315 3
3.632 9
3.483 13
2.703 19
3.404 14
2.211 29
2.282 292.6352.074 24
2.762.622 18
2.251 29

2.256 29
3.887 2
2.1443.869 2
 21
 29
2.62 29
 29
2.37 29
2.447 29
2.124 29
2.418 293.464
 17
1.974 29
2.35 29
1.963 29
1.955 29
2.778 29
3.046 29
3.138 29
2.505 29
8
3.12 5
3.675 1
3.825 3
2.952 12
2.614 16
1.395 28
2.462 20
4.224 6
5.198 2
4.266 8
2.654 24
3.017 21
3.612 18
0.767 29
0.871 29
0.958 29
0.73 29
0.488 29
0.917 29
1.073 29
0.648 29
0.917 29
0.718 29
1.121 29
0.89 29
1.315 29
1.098 29
1.196 29
1.265 29
1.483 12
9
6.817 1
5.95 11
5.701 15
5.627 15
7.739 3
3.878 29
4.405 29
7.6875.222 3
4.619 22
5.507 19
6.709 12
5.115 26
4.678 29
2.94 18
 5
4.346 29
4.231 29
4.697 29
8.26 5
4.124 29
4.09 29
3.242 29
3.283 29
4.107 29
4.795 29
4.023 29
3.347 29
4.044 29
3.316 29
2.956 29
